
Kp = 1.05447426938679;
Ki = 0.0294925611830415;
Kd = -1.0120101259308;
